1	2004	01	03	5	15	16	37	41	48	7	Samstag
2	2004	01	07	10	12	24	44	45	49	7	Mittwoch
3	2004	01	10	9	13	14	33	42	45	9	Samstag
4	2004	01	14	5	17	19	21	23	28	7	Mittwoch
5	2004	01	17	20	28	34	35	40	49	0	Samstag
6	2004	01	21	5	22	29	30	33	49	4	Mittwoch
7	2004	01	24	9	12	14	20	26	48	4	Samstag
8	2004	01	28	15	17	18	27	33	38	2	Mittwoch
9	2004	01	31	16	22	30	32	48	49	6	Samstag
10	2004	02	04	1	2	16	21	31	41	4	Mittwoch
11	2004	02	07	14	17	20	23	26	28	1	Samstag
12	2004	02	11	4	17	27	28	34	39	9	Mittwoch
13	2004	02	14	23	25	32	35	37	46	8	Samstag
14	2004	02	18	20	27	30	40	46	48	3	Mittwoch
15	2004	02	21	5	9	14	28	38	49	1	Samstag
16	2004	02	25	5	11	13	21	28	49	4	Mittwoch
17	2004	02	28	1	6	18	24	29	38	5	Samstag
18	2004	03	03	20	22	29	44	46	49	7	Mittwoch
19	2004	03	06	1	3	24	37	38	46	4	Samstag
20	2004	03	10	4	8	17	38	40	47	2	Mittwoch
21	2004	03	13	6	20	21	28	32	48	9	Samstag
22	2004	03	17	1	12	15	21	29	34	4	Mittwoch
23	2004	03	20	3	10	16	24	27	32	4	Samstag
24	2004	03	24	3	8	9	11	31	44	6	Mittwoch
25	2004	03	27	26	28	30	40	47	49	0	Samstag
26	2004	03	31	13	20	22	23	25	35	4	Mittwoch
27	2004	04	03	1	2	10	16	30	43	3	Samstag
28	2004	04	07	4	6	10	33	34	45	4	Mittwoch
29	2004	04	10	3	5	25	43	47	49	6	Samstag
30	2004	04	14	4	12	13	38	43	47	1	Mittwoch
31	2004	04	17	18	24	26	29	32	33	8	Samstag
32	2004	04	21	1	3	32	33	46	47	1	Mittwoch
33	2004	04	24	1	13	30	33	37	40	3	Samstag
34	2004	04	28	25	29	34	43	45	48	6	Mittwoch
35	2004	05	01	8	9	22	27	29	49	6	Samstag
36	2004	05	05	6	12	25	31	41	46	8	Mittwoch
37	2004	05	08	4	11	33	37	43	44	7	Samstag
38	2004	05	12	5	7	13	23	28	38	7	Mittwoch
39	2004	05	15	3	8	23	29	32	34	1	Samstag
40	2004	05	19	3	13	19	24	27	44	7	Mittwoch
41	2004	05	22	5	18	26	31	43	44	7	Samstag
42	2004	05	26	8	12	17	21	35	40	0	Mittwoch
43	2004	05	29	3	4	14	18	24	40	8	Samstag
44	2004	06	02	10	17	32	38	41	43	4	Mittwoch
45	2004	06	05	15	19	31	34	41	44	7	Samstag
46	2004	06	09	5	11	16	28	32	40	4	Mittwoch
47	2004	06	12	3	6	12	13	30	36	9	Samstag
48	2004	06	16	2	11	14	22	34	47	7	Mittwoch
49	2004	06	19	19	22	26	27	31	40	4	Samstag
50	2004	06	23	8	13	14	19	39	44	4	Mittwoch
51	2004	06	26	18	30	31	33	35	40	2	Samstag
52	2004	06	30	6	8	15	27	33	34	9	Mittwoch
53	2004	07	03	4	16	17	20	36	49	5	Samstag
54	2004	07	07	4	11	12	26	41	45	8	Mittwoch
55	2004	07	10	2	4	31	39	40	46	5	Samstag
56	2004	07	14	6	7	8	34	42	48	4	Mittwoch
57	2004	07	17	10	23	24	25	27	41	0	Samstag
58	2004	07	21	10	11	38	43	45	47	0	Mittwoch
59	2004	07	24	2	9	13	27	37	48	0	Samstag
60	2004	07	28	3	13	30	35	41	49	3	Mittwoch
61	2004	07	31	3	6	9	33	44	48	5	Samstag
62	2004	08	04	8	17	19	33	43	45	3	Mittwoch
63	2004	08	07	5	7	26	35	39	45	6	Samstag
64	2004	08	11	12	18	23	27	32	46	4	Mittwoch
65	2004	08	14	3	12	37	40	48	49	1	Samstag
66	2004	08	18	5	7	8	14	23	33	2	Mittwoch
67	2004	08	21	1	6	21	27	31	47	0	Samstag
68	2004	08	25	2	5	13	19	30	47	9	Mittwoch
69	2004	08	28	1	12	21	31	36	40	6	Samstag
70	2004	09	01	17	31	32	41	42	43	4	Mittwoch
71	2004	09	04	1	3	4	11	19	40	4	Samstag
72	2004	09	08	3	9	20	38	39	45	2	Mittwoch
73	2004	09	11	6	10	12	16	17	31	9	Samstag
74	2004	09	15	1	26	27	28	29	31	6	Mittwoch
75	2004	09	18	1	5	17	22	26	41	0	Samstag
76	2004	09	22	2	6	12	14	28	40	4	Mittwoch
77	2004	09	25	5	7	28	33	39	42	2	Samstag
78	2004	09	29	1	14	28	29	43	45	1	Mittwoch
79	2004	10	02	11	19	28	29	42	45	5	Samstag
80	2004	10	06	9	23	29	37	39	43	0	Mittwoch
81	2004	10	09	11	15	21	22	27	47	9	Samstag
82	2004	10	13	11	12	13	20	32	42	8	Mittwoch
83	2004	10	16	6	7	21	23	28	29	7	Samstag
84	2004	10	20	6	7	10	18	35	43	3	Mittwoch
85	2004	10	23	26	29	32	34	40	48	7	Samstag
86	2004	10	27	7	27	29	31	37	38	3	Mittwoch
87	2004	10	30	10	27	30	39	40	47	7	Samstag
88	2004	11	03	5	8	15	22	35	48	5	Mittwoch
89	2004	11	06	16	24	33	36	45	47	9	Samstag
90	2004	11	10	7	8	19	25	28	45	4	Mittwoch
91	2004	11	13	5	27	41	42	43	46	9	Samstag
92	2004	11	17	5	15	17	24	26	43	9	Mittwoch
93	2004	11	20	7	18	19	33	46	49	6	Samstag
94	2004	11	24	7	8	31	35	36	49	5	Mittwoch
95	2004	11	27	18	27	36	39	41	47	0	Samstag
96	2004	12	01	3	10	13	28	38	45	2	Mittwoch
97	2004	12	04	2	8	17	36	38	40	1	Samstag
98	2004	12	08	4	14	15	25	30	32	3	Mittwoch
99	2004	12	11	3	7	9	33	35	42	2	Samstag
100	2004	12	15	6	13	19	34	45	48	9	Mittwoch
101	2004	12	18	1	10	12	16	22	30	9	Samstag
102	2004	12	22	5	15	16	19	20	43	0	Mittwoch
103	2004	12	25	9	13	22	41	47	48	6	Samstag
104	2004	12	29	4	5	25	26	28	39	7	Mittwoch
1	2005	01	01	2	21	22	27	36	44	2	Samstag
2	2005	01	05	1	11	20	24	26	41	8	Mittwoch
3	2005	01	08	2	5	14	35	39	42	8	Samstag
4	2005	01	12	3	5	6	10	30	45	3	Mittwoch
5	2005	01	15	6	17	28	37	41	45	3	Samstag
6	2005	01	19	7	8	14	36	39	45	3	Mittwoch
7	2005	01	22	2	4	23	35	39	47	9	Samstag
8	2005	01	26	4	24	32	36	42	45	0	Mittwoch
9	2005	01	29	9	14	21	23	28	36	4	Samstag
10	2005	02	02	6	22	26	30	36	44	1	Mittwoch
11	2005	02	05	7	11	17	18	21	42	8	Samstag
12	2005	02	09	10	15	19	39	44	46	3	Mittwoch
13	2005	02	12	16	27	31	33	36	41	1	Samstag
14	2005	02	16	1	6	10	19	22	46	1	Mittwoch
15	2005	02	19	9	26	36	41	42	45	6	Samstag
16	2005	02	23	20	34	37	38	39	45	5	Mittwoch
17	2005	02	26	1	7	16	23	25	37	0	Samstag
18	2005	03	02	9	24	25	27	35	39	0	Mittwoch
19	2005	03	05	5	8	16	26	43	47	2	Samstag
20	2005	03	09	7	16	27	33	35	44	0	Mittwoch
21	2005	03	12	2	3	6	20	24	39	5	Samstag
22	2005	03	16	4	6	16	29	33	40	5	Mittwoch
23	2005	03	19	4	5	7	9	48	49	3	Samstag
24	2005	03	23	18	21	32	33	45	48	1	Mittwoch
25	2005	03	26	2	7	21	34	35	48	6	Samstag
26	2005	03	30	1	3	7	14	40	46	9	Mittwoch
27	2005	04	02	5	8	18	37	43	49	6	Samstag
28	2005	04	06	6	14	28	32	43	47	8	Mittwoch
29	2005	04	09	11	29	30	32	39	40	5	Samstag
30	2005	04	13	15	22	26	28	36	42	2	Mittwoch
31	2005	04	16	1	18	19	24	26	36	7	Samstag
32	2005	04	20	6	9	16	20	25	43	9	Mittwoch
33	2005	04	23	4	7	13	21	37	49	9	Samstag
34	2005	04	27	5	6	18	27	41	48	1	Mittwoch
35	2005	04	30	8	18	22	31	34	48	3	Samstag
36	2005	05	04	3	7	21	24	30	39	0	Mittwoch
37	2005	05	07	6	9	25	29	38	43	4	Samstag
38	2005	05	11	2	18	22	46	47	49	6	Mittwoch
39	2005	05	14	14	25	30	35	37	38	6	Samstag
40	2005	05	18	1	18	20	26	27	44	2	Mittwoch
41	2005	05	21	2	21	37	40	41	49	4	Samstag
42	2005	05	25	22	23	33	43	47	49	0	Mittwoch
43	2005	05	28	6	7	28	29	34	43	5	Samstag
44	2005	06	01	2	15	29	32	33	39	2	Mittwoch
45	2005	06	04	1	6	19	25	43	47	8	Samstag
46	2005	06	08	6	10	23	25	45	49	7	Mittwoch
47	2005	06	11	9	13	18	24	29	30	8	Samstag
48	2005	06	15	11	12	14	18	31	32	3	Mittwoch
49	2005	06	18	8	18	26	27	28	49	9	Samstag
50	2005	06	22	5	33	40	41	44	48	5	Mittwoch
51	2005	06	25	5	17	20	21	24	40	9	Samstag
52	2005	06	29	7	16	18	25	26	41	1	Mittwoch
53	2005	07	02	1	12	17	29	40	41	4	Samstag
54	2005	07	06	11	16	29	35	38	47	8	Mittwoch
55	2005	07	09	4	5	27	40	42	48	3	Samstag
56	2005	07	13	10	14	18	24	39	47	9	Mittwoch
57	2005	07	16	1	25	30	31	42	49	1	Samstag
58	2005	07	20	4	10	19	25	33	43	3	Mittwoch
59	2005	07	23	2	14	37	45	46	47	9	Samstag
60	2005	07	27	15	16	25	27	38	47	8	Mittwoch
61	2005	07	30	12	19	22	42	43	45	1	Samstag
62	2005	08	03	4	7	10	12	24	33	7	Mittwoch
63	2005	08	06	1	7	23	24	33	42	5	Samstag
64	2005	08	10	8	9	16	20	35	45	1	Mittwoch
65	2005	08	13	10	25	26	34	35	44	4	Samstag
66	2005	08	17	9	10	16	22	23	45	0	Mittwoch
67	2005	08	20	1	2	17	18	22	40	5	Samstag
68	2005	08	24	7	11	22	38	43	49	8	Mittwoch
69	2005	08	27	1	9	23	38	42	47	7	Samstag
70	2005	08	31	1	8	12	15	24	29	3	Mittwoch
71	2005	09	03	5	20	24	41	46	49	8	Samstag
72	2005	09	07	2	6	7	20	24	33	8	Mittwoch
73	2005	09	10	17	19	27	31	37	48	1	Samstag
74	2005	09	14	10	22	26	35	41	47	4	Mittwoch
75	2005	09	17	8	16	17	28	29	43	9	Samstag
76	2005	09	21	14	22	28	36	38	46	8	Mittwoch
77	2005	09	24	9	23	25	26	40	48	9	Samstag
78	2005	09	28	11	25	28	32	37	44	7	Mittwoch
79	2005	10	01	9	14	20	37	44	47	0	Samstag
80	2005	10	05	11	19	23	30	36	47	0	Mittwoch
81	2005	10	08	5	6	14	25	43	49	8	Samstag
82	2005	10	12	2	3	10	35	36	41	7	Mittwoch
83	2005	10	15	3	9	15	36	40	43	8	Samstag
84	2005	10	19	1	23	24	26	30	35	3	Mittwoch
85	2005	10	22	4	9	11	26	31	47	2	Samstag
86	2005	10	26	9	19	21	24	34	35	7	Mittwoch
87	2005	10	29	2	5	11	18	30	31	4	Samstag
88	2005	11	02	13	14	16	17	25	27	0	Mittwoch
89	2005	11	05	5	7	29	40	46	47	1	Samstag
90	2005	11	09	4	19	26	30	46	47	0	Mittwoch
91	2005	11	12	12	16	28	33	36	40	8	Samstag
92	2005	11	16	2	16	17	23	27	38	0	Mittwoch
93	2005	11	19	1	4	30	38	40	49	7	Samstag
94	2005	11	23	15	18	24	45	47	49	4	Mittwoch
95	2005	11	26	5	12	21	32	34	40	4	Samstag
96	2005	11	30	20	22	25	35	40	46	2	Mittwoch
97	2005	12	03	2	6	17	36	47	49	3	Samstag
98	2005	12	07	7	28	29	34	35	47	0	Mittwoch
99	2005	12	10	2	7	28	30	33	46	6	Samstag
100	2005	12	14	16	25	39	40	41	49	7	Mittwoch
101	2005	12	17	3	9	10	22	41	42	8	Samstag
102	2005	12	21	9	18	24	26	30	34	1	Mittwoch
103	2005	12	24	8	19	24	30	36	38	0	Samstag
104	2005	12	28	7	11	36	40	41	49	7	Mittwoch
105	2005	12	31	13	21	35	36	42	44	3	Samstag
1	2006	01	04	5	11	12	13	20	41	7	Mittwoch
2	2006	01	07	3	17	19	21	26	31	5	Samstag
3	2006	01	11	1	4	5	16	19	26	3	Mittwoch
4	2006	01	14	10	14	19	27	31	39	0	Samstag
5	2006	01	18	12	13	14	18	27	44	7	Mittwoch
6	2006	01	21	6	17	20	27	35	39	4	Samstag
7	2006	01	25	4	13	17	23	36	49	0	Mittwoch
8	2006	01	28	5	33	37	38	40	49	3	Samstag
9	2006	02	01	7	13	22	23	35	38	6	Mittwoch
10	2006	02	04	26	27	28	35	39	43	4	Samstag
11	2006	02	08	1	5	6	12	29	34	1	Mittwoch
12	2006	02	11	1	10	14	26	45	49	8	Samstag
13	2006	02	15	11	17	19	20	26	30	3	Mittwoch
14	2006	02	18	4	5	6	18	21	40	7	Samstag
15	2006	02	22	6	7	14	15	30	48	5	Mittwoch
16	2006	02	25	9	10	17	18	21	36	5	Samstag
17	2006	03	01	2	19	22	37	41	48	9	Mittwoch
18	2006	03	04	7	11	17	23	36	37	5	Samstag
19	2006	03	08	4	9	15	19	30	33	8	Mittwoch
20	2006	03	11	3	9	12	36	46	48	8	Samstag
21	2006	03	15	1	3	9	10	14	38	2	Mittwoch
22	2006	03	18	5	9	17	38	43	47	3	Samstag
23	2006	03	22	3	4	9	19	24	40	3	Mittwoch
24	2006	03	25	3	10	12	21	28	32	3	Samstag
25	2006	03	29	3	10	16	17	26	30	3	Mittwoch
26	2006	04	01	4	6	21	25	35	39	3	Samstag
27	2006	04	05	9	21	27	30	32	46	1	Mittwoch
28	2006	04	08	3	10	17	25	44	46	7	Samstag
29	2006	04	12	15	20	23	46	47	48	9	Mittwoch
30	2006	04	15	2	4	5	8	18	40	7	Samstag
31	2006	04	19	11	13	18	32	41	47	4	Mittwoch
32	2006	04	22	3	9	24	35	39	44	5	Samstag
33	2006	04	26	12	16	17	31	34	43	7	Mittwoch
34	2006	04	29	12	22	25	37	38	48	1	Samstag
35	2006	05	03	5	10	18	23	35	44	7	Mittwoch
36	2006	05	06	5	15	26	28	31	37	8	Samstag
37	2006	05	10	6	24	33	35	39	47	4	Mittwoch
38	2006	05	13	9	12	26	27	40	45	1	Samstag
39	2006	05	17	1	22	31	35	40	45	3	Mittwoch
40	2006	05	20	10	19	25	40	42	49	7	Samstag
41	2006	05	24	2	17	21	31	45	47	8	Mittwoch
42	2006	05	27	14	22	29	30	35	43	4	Samstag
43	2006	05	31	11	26	33	45	48	49	4	Mittwoch
44	2006	06	03	1	3	10	17	24	49	8	Samstag
45	2006	06	07	1	7	23	29	34	45	4	Mittwoch
46	2006	06	10	13	19	20	25	29	44	3	Samstag
47	2006	06	14	5	7	12	17	29	45	4	Mittwoch
48	2006	06	17	10	31	40	41	45	49	9	Samstag
49	2006	06	21	18	19	34	43	45	48	3	Mittwoch
50	2006	06	24	5	13	22	30	47	48	3	Samstag
51	2006	06	28	4	6	8	14	41	42	1	Mittwoch
52	2006	07	01	6	12	18	25	27	35	3	Samstag
53	2006	07	05	7	10	19	32	34	41	9	Mittwoch
54	2006	07	08	9	24	28	30	31	49	6	Samstag
55	2006	07	12	6	22	27	34	35	43	5	Mittwoch
56	2006	07	15	5	25	28	30	40	41	0	Samstag
57	2006	07	19	5	25	31	44	46	47	0	Mittwoch
58	2006	07	22	3	5	25	31	37	41	8	Samstag
59	2006	07	26	4	11	18	20	30	49	5	Mittwoch
60	2006	07	29	13	17	21	25	34	48	0	Samstag
61	2006	08	02	16	20	23	28	40	43	1	Mittwoch
62	2006	08	05	1	7	9	12	43	46	6	Samstag
63	2006	08	09	4	29	30	33	36	39	5	Mittwoch
64	2006	08	12	1	5	14	32	42	48	2	Samstag
65	2006	08	16	2	19	30	32	41	48	2	Mittwoch
66	2006	08	19	4	5	8	24	33	43	4	Samstag
67	2006	08	23	2	9	12	28	30	38	0	Mittwoch
68	2006	08	26	1	4	20	24	25	39	8	Samstag
69	2006	08	30	21	22	25	37	45	48	1	Mittwoch
70	2006	09	02	6	34	36	38	46	48	0	Samstag
71	2006	09	06	3	5	25	38	39	40	2	Mittwoch
72	2006	09	09	2	13	23	42	43	47	1	Samstag
73	2006	09	13	10	14	17	22	31	39	5	Mittwoch
74	2006	09	16	5	7	9	16	17	47	5	Samstag
75	2006	09	20	1	3	15	22	24	36	3	Mittwoch
76	2006	09	23	3	14	31	35	38	48	3	Samstag
77	2006	09	27	13	20	27	33	38	45	6	Mittwoch
78	2006	09	30	10	17	27	35	42	46	2	Samstag
79	2006	10	04	6	8	12	33	38	42	6	Mittwoch
80	2006	10	07	28	30	31	34	41	48	4	Samstag
81	2006	10	11	19	26	30	40	43	45	4	Mittwoch
82	2006	10	14	6	7	30	33	34	39	6	Samstag
83	2006	10	18	1	8	25	36	37	40	3	Mittwoch
84	2006	10	21	1	17	21	24	39	47	8	Samstag
85	2006	10	25	11	12	30	32	33	46	3	Mittwoch
86	2006	10	28	1	7	30	44	48	49	0	Samstag
87	2006	11	01	10	14	23	40	42	48	0	Mittwoch
88	2006	11	04	6	14	28	31	39	46	2	Samstag
89	2006	11	08	6	10	15	20	27	37	3	Mittwoch
90	2006	11	11	1	13	19	28	47	49	4	Samstag
91	2006	11	15	2	7	21	26	27	49	6	Mittwoch
92	2006	11	18	1	2	8	28	38	43	4	Samstag
93	2006	11	22	12	22	29	33	34	42	4	Mittwoch
94	2006	11	25	27	33	34	41	42	49	9	Samstag
95	2006	11	29	2	13	20	28	42	45	6	Mittwoch
96	2006	12	02	4	9	17	42	44	45	2	Samstag
97	2006	12	06	2	3	6	23	35	39	2	Mittwoch
98	2006	12	09	7	12	24	26	33	34	7	Samstag
99	2006	12	13	5	6	18	20	22	45	8	Mittwoch
100	2006	12	16	4	19	23	31	48	49	0	Samstag
101	2006	12	20	4	10	29	44	46	49	5	Mittwoch
102	2006	12	23	3	11	16	36	38	41	3	Samstag
103	2006	12	27	9	13	15	26	38	43	3	Mittwoch
104	2006	12	30	1	16	23	39	44	47	9	Samstag
1	2007	01	03	2	4	30	35	36	45	1	Mittwoch
2	2007	01	06	5	10	11	35	38	39	2	Samstag
3	2007	01	10	4	6	27	36	37	40	4	Mittwoch
4	2007	01	13	8	19	29	38	41	47	9	Samstag
5	2007	01	17	9	12	14	27	32	46	9	Mittwoch
6	2007	01	20	19	27	28	33	36	38	9	Samstag
7	2007	01	24	8	10	11	33	34	42	7	Mittwoch
8	2007	01	27	15	18	27	40	44	45	1	Samstag
9	2007	01	31	3	8	10	20	26	44	2	Mittwoch
10	2007	02	03	5	18	21	27	34	36	7	Samstag
11	2007	02	07	6	7	11	16	23	48	1	Mittwoch
12	2007	02	10	4	16	20	26	32	38	4	Samstag
13	2007	02	14	7	8	24	33	44	45	8	Mittwoch
14	2007	02	17	1	14	31	34	39	49	2	Samstag
15	2007	02	21	13	14	23	38	41	43	8	Mittwoch
16	2007	02	24	8	11	13	14	33	36	4	Samstag
17	2007	02	28	13	14	26	28	31	43	8	Mittwoch
18	2007	03	03	4	7	16	23	26	29	9	Samstag
19	2007	03	07	9	17	19	24	43	49	7	Mittwoch
20	2007	03	10	5	18	23	30	42	49	0	Samstag
21	2007	03	14	3	5	15	22	24	37	5	Mittwoch
22	2007	03	17	6	9	10	11	22	26	2	Samstag
23	2007	03	21	2	3	6	11	31	33	7	Mittwoch
24	2007	03	24	1	24	25	28	29	32	4	Samstag
25	2007	03	28	3	11	15	26	27	41	0	Mittwoch
26	2007	03	31	2	15	28	31	33	35	8	Samstag
27	2007	04	04	3	5	7	21	31	43	4	Mittwoch
28	2007	04	07	6	8	17	29	33	49	9	Samstag
29	2007	04	11	7	10	15	17	22	47	0	Mittwoch
30	2007	04	14	34	37	41	44	45	49	5	Samstag
31	2007	04	18	14	22	31	37	39	45	6	Mittwoch
32	2007	04	21	1	3	6	13	19	46	6	Samstag
33	2007	04	25	7	13	34	36	42	43	5	Mittwoch
34	2007	04	28	8	15	19	30	37	39	5	Samstag
35	2007	05	02	22	23	30	34	40	48	5	Mittwoch
36	2007	05	05	13	15	20	32	37	49	1	Samstag
37	2007	05	09	8	15	22	44	46	47	0	Mittwoch
38	2007	05	12	17	21	22	28	31	42	7	Samstag
39	2007	05	16	10	12	16	23	40	42	2	Mittwoch
40	2007	05	19	4	7	9	21	29	34	7	Samstag
41	2007	05	23	9	10	19	20	31	45	8	Mittwoch
42	2007	05	26	1	17	25	26	41	42	7	Samstag
43	2007	05	30	14	18	23	27	34	39	2	Mittwoch
44	2007	06	02	13	18	24	28	31	44	1	Samstag
45	2007	06	06	4	12	25	29	44	45	0	Mittwoch
46	2007	06	09	19	22	23	31	32	42	1	Samstag
47	2007	06	13	3	6	16	23	38	45	6	Mittwoch
48	2007	06	16	2	18	26	34	39	49	0	Samstag
49	2007	06	20	3	7	11	12	17	39	8	Mittwoch
50	2007	06	23	10	25	29	33	36	41	3	Samstag
51	2007	06	27	3	4	8	10	17	34	1	Mittwoch
52	2007	06	30	1	2	5	16	31	36	9	Samstag
53	2007	07	04	16	20	21	24	30	38	3	Mittwoch
54	2007	07	07	8	11	23	25	27	34	7	Samstag
55	2007	07	11	6	15	28	46	47	49	8	Mittwoch
56	2007	07	14	3	9	10	11	23	33	5	Samstag
57	2007	07	18	4	20	24	27	36	39	5	Mittwoch
58	2007	07	21	4	14	20	29	36	44	5	Samstag
59	2007	07	25	13	20	23	26	35	43	6	Mittwoch
60	2007	07	28	6	8	14	18	28	33	9	Samstag
61	2007	08	01	7	14	17	33	40	42	5	Mittwoch
62	2007	08	04	4	7	20	30	32	43	8	Samstag
63	2007	08	08	7	13	17	24	37	44	3	Mittwoch
64	2007	08	11	4	6	11	17	19	42	1	Samstag
65	2007	08	15	1	13	27	28	31	37	7	Mittwoch
66	2007	08	18	1	8	11	23	24	45	5	Samstag
67	2007	08	22	14	31	33	38	39	49	4	Mittwoch
68	2007	08	25	11	22	30	44	48	49	4	Samstag
69	2007	08	29	2	7	16	20	31	43	5	Mittwoch
70	2007	09	01	8	26	33	41	43	45	6	Samstag
71	2007	09	05	1	9	24	30	31	48	4	Mittwoch
72	2007	09	08	2	14	26	27	31	34	4	Samstag
73	2007	09	12	1	28	31	36	38	49	6	Mittwoch
74	2007	09	15	1	21	27	28	36	49	0	Samstag
75	2007	09	19	6	14	28	32	34	40	0	Mittwoch
76	2007	09	22	3	6	11	34	36	41	2	Samstag
77	2007	09	26	11	15	31	34	39	43	7	Mittwoch
78	2007	09	29	9	20	22	27	29	40	0	Samstag
79	2007	10	03	2	14	33	42	48	49	9	Mittwoch
80	2007	10	06	3	6	12	25	26	45	2	Samstag
81	2007	10	10	13	15	25	29	34	36	7	Mittwoch
82	2007	10	13	3	9	10	24	41	47	1	Samstag
83	2007	10	17	22	26	34	42	43	46	9	Mittwoch
84	2007	10	20	17	28	34	36	37	49	4	Samstag
85	2007	10	24	7	14	15	20	23	46	2	Mittwoch
86	2007	10	27	3	4	8	12	16	47	7	Samstag
87	2007	10	31	6	22	29	34	46	49	6	Mittwoch
88	2007	11	03	2	11	13	15	21	41	8	Samstag
89	2007	11	07	6	10	18	28	33	38	8	Mittwoch
90	2007	11	10	1	3	5	12	15	41	4	Samstag
91	2007	11	14	2	8	27	45	47	48	5	Mittwoch
92	2007	11	17	1	9	15	26	30	42	1	Samstag
93	2007	11	21	25	34	40	41	43	47	8	Mittwoch
94	2007	11	24	13	14	39	42	45	49	4	Samstag
95	2007	11	28	7	8	10	16	40	49	0	Mittwoch
96	2007	12	01	12	21	23	29	35	41	0	Samstag
97	2007	12	05	9	10	24	28	39	42	3	Mittwoch
98	2007	12	08	1	2	19	24	25	47	0	Samstag
99	2007	12	12	10	13	23	34	44	46	1	Mittwoch
100	2007	12	15	3	13	18	26	37	49	6	Samstag
101	2007	12	19	3	7	29	32	37	45	0	Mittwoch
102	2007	12	22	9	10	33	34	41	45	9	Samstag
103	2007	12	26	12	13	17	20	31	37	2	Mittwoch
104	2007	12	29	2	12	23	26	28	42	5	Samstag
1	2008	01	02	2	7	10	27	30	49	2	Mittwoch
2	2008	01	05	9	10	17	33	37	45	7	Samstag
3	2008	01	09	26	28	30	38	40	41	2	Mittwoch
4	2008	01	12	3	4	10	11	45	47	7	Samstag
5	2008	01	16	8	16	19	27	47	48	0	Mittwoch
6	2008	01	19	7	20	22	23	30	31	2	Samstag
7	2008	01	23	10	11	15	16	28	37	1	Mittwoch
8	2008	01	26	4	6	10	20	26	37	8	Samstag
9	2008	01	30	6	7	12	27	46	48	8	Mittwoch
10	2008	02	02	6	9	14	27	28	39	2	Samstag
11	2008	02	06	4	6	25	26	41	49	9	Mittwoch
12	2008	02	09	1	10	13	25	27	45	2	Samstag
13	2008	02	13	1	7	20	25	33	42	0	Mittwoch
14	2008	02	16	6	7	11	22	43	44	6	Samstag
15	2008	02	20	1	18	22	23	37	42	7	Mittwoch
16	2008	02	23	1	12	13	39	40	44	7	Samstag
17	2008	02	27	9	18	21	34	36	39	0	Mittwoch
18	2008	03	01	4	5	19	20	22	39	2	Samstag
19	2008	03	05	6	12	16	18	34	44	7	Mittwoch
20	2008	03	08	6	9	12	22	35	37	8	Samstag
21	2008	03	12	2	9	22	24	37	44	8	Mittwoch
22	2008	03	15	5	7	26	33	40	42	6	Samstag
23	2008	03	19	4	21	22	34	43	48	4	Mittwoch
24	2008	03	22	6	11	31	34	42	43	5	Samstag
25	2008	03	26	10	17	28	29	34	36	4	Mittwoch
26	2008	03	29	10	21	23	29	31	37	8	Samstag
27	2008	04	02	1	14	31	33	36	48	2	Mittwoch
28	2008	04	05	3	5	9	27	34	48	1	Samstag
29	2008	04	09	2	8	27	31	35	42	4	Mittwoch
30	2008	04	12	5	22	23	34	41	42	2	Samstag
31	2008	04	16	9	10	11	28	40	46	1	Mittwoch
32	2008	04	19	10	13	23	24	38	48	7	Samstag
33	2008	04	23	2	8	26	32	35	39	9	Mittwoch
34	2008	04	26	3	8	14	25	33	43	3	Samstag
35	2008	04	30	4	5	37	39	40	45	3	Mittwoch
36	2008	05	03	8	10	20	29	30	44	7	Samstag
37	2008	05	07	16	24	30	31	36	49	9	Mittwoch
38	2008	05	10	9	11	12	23	24	31	2	Samstag
39	2008	05	14	8	13	18	29	38	41	1	Mittwoch
40	2008	05	17	8	20	22	25	34	35	7	Samstag
41	2008	05	21	2	10	16	21	45	48	0	Mittwoch
42	2008	05	24	2	6	9	34	37	46	5	Samstag
43	2008	05	28	3	9	24	31	32	34	6	Mittwoch
44	2008	05	31	7	12	17	22	27	41	6	Samstag
45	2008	06	04	7	8	27	30	43	47	4	Mittwoch
46	2008	06	07	7	17	19	20	42	47	4	Samstag
47	2008	06	11	16	24	31	41	44	47	2	Mittwoch
48	2008	06	14	21	24	30	32	36	44	1	Samstag
49	2008	06	18	3	4	32	39	40	43	5	Mittwoch
50	2008	06	21	2	15	30	32	43	45	5	Samstag
51	2008	06	25	13	20	30	32	37	47	4	Mittwoch
52	2008	06	28	5	7	9	21	30	46	6	Samstag
53	2008	07	02	1	9	12	22	23	27	6	Mittwoch
54	2008	07	05	6	7	11	15	42	49	2	Samstag
55	2008	07	09	9	11	12	21	34	44	4	Mittwoch
56	2008	07	12	2	4	10	22	27	40	7	Samstag
57	2008	07	16	15	17	24	27	32	37	2	Mittwoch
58	2008	07	19	8	15	20	38	41	43	0	Samstag
59	2008	07	23	2	15	22	25	38	42	4	Mittwoch
60	2008	07	26	10	12	15	44	47	49	4	Samstag
61	2008	07	30	4	23	25	29	36	45	0	Mittwoch
62	2008	08	02	1	4	16	34	35	46	5	Samstag
63	2008	08	06	4	17	22	28	29	40	3	Mittwoch
64	2008	08	09	16	26	30	37	38	42	1	Samstag
65	2008	08	13	4	14	26	32	41	45	2	Mittwoch
66	2008	08	16	1	8	19	22	36	42	1	Samstag
67	2008	08	20	15	16	19	28	36	40	7	Mittwoch
68	2008	08	23	4	10	20	26	28	43	7	Samstag
69	2008	08	27	15	18	20	29	31	33	9	Mittwoch
70	2008	08	30	8	11	20	21	36	48	4	Samstag
71	2008	09	03	3	7	8	38	43	45	2	Mittwoch
72	2008	09	06	14	15	20	26	35	49	1	Samstag
73	2008	09	10	2	10	23	24	32	34	2	Mittwoch
74	2008	09	13	2	3	22	27	38	48	4	Samstag
75	2008	09	17	7	8	17	35	36	47	0	Mittwoch
76	2008	09	20	4	6	7	28	34	43	6	Samstag
77	2008	09	24	3	21	28	39	45	47	4	Mittwoch
78	2008	09	27	11	27	28	29	37	39	7	Samstag
79	2008	10	01	9	11	20	31	35	42	2	Mittwoch
80	2008	10	04	4	11	12	16	21	43	1	Samstag
81	2008	10	08	5	9	11	13	30	39	3	Mittwoch
82	2008	10	11	2	5	13	18	22	29	3	Samstag
83	2008	10	15	4	14	26	34	35	47	8	Mittwoch
84	2008	10	18	1	10	21	25	35	36	9	Samstag
85	2008	10	22	13	15	17	18	20	31	5	Mittwoch
86	2008	10	25	1	24	34	43	46	47	3	Samstag
87	2008	10	29	4	21	26	31	42	45	8	Mittwoch
88	2008	11	01	6	25	26	27	28	43	3	Samstag
89	2008	11	05	2	3	4	12	44	49	2	Mittwoch
90	2008	11	08	4	9	16	25	33	42	8	Samstag
91	2008	11	12	5	16	20	33	41	48	6	Mittwoch
92	2008	11	15	3	23	31	39	41	48	5	Samstag
93	2008	11	19	4	14	17	32	36	44	3	Mittwoch
94	2008	11	22	11	12	23	35	41	42	7	Samstag
95	2008	11	26	2	23	25	32	43	49	4	Mittwoch
96	2008	11	29	7	9	12	19	22	43	5	Samstag
97	2008	12	03	8	15	16	33	44	47	3	Mittwoch
98	2008	12	06	5	7	15	23	24	32	8	Samstag
99	2008	12	10	12	14	15	17	31	38	4	Mittwoch
100	2008	12	13	6	13	18	22	44	45	8	Samstag
101	2008	12	17	1	12	16	24	32	49	8	Mittwoch
102	2008	12	20	4	11	19	28	46	48	9	Samstag
103	2008	12	24	1	22	39	42	43	47	2	Mittwoch
104	2008	12	27	3	11	13	16	24	31	0	Samstag
105	2008	12	31	6	24	29	30	36	49	2	Mittwoch
1	2009	01	03	6	10	14	21	40	46	0	Samstag
2	2009	01	07	3	6	20	23	26	37	7	Mittwoch
3	2009	01	10	6	17	18	37	41	49	4	Samstag
4	2009	01	14	1	7	9	22	29	32	1	Mittwoch
5	2009	01	17	4	12	32	38	42	46	1	Samstag
6	2009	01	21	5	7	8	10	38	40	0	Mittwoch
7	2009	01	24	2	12	14	16	36	46	0	Samstag
8	2009	01	28	1	3	15	24	38	47	0	Mittwoch
9	2009	01	31	7	9	11	14	17	31	2	Samstag
10	2009	02	04	2	5	10	21	42	46	1	Mittwoch
11	2009	02	07	2	13	15	35	39	48	3	Samstag
12	2009	02	11	13	22	39	41	42	43	7	Mittwoch
13	2009	02	14	17	28	29	40	42	47	2	Samstag
14	2009	02	18	15	19	39	43	48	49	3	Mittwoch
15	2009	02	21	3	14	18	29	31	41	7	Samstag
16	2009	02	25	2	7	10	22	34	43	1	Mittwoch
17	2009	02	28	1	15	20	21	22	33	6	Samstag
18	2009	03	04	6	28	31	38	42	44	4	Mittwoch
19	2009	03	07	7	26	33	37	38	44	8	Samstag
20	2009	03	11	8	13	32	39	47	48	5	Mittwoch
21	2009	03	14	5	8	26	44	45	49	4	Samstag
22	2009	03	18	4	17	29	37	42	47	5	Mittwoch
23	2009	03	21	10	13	21	23	34	38	5	Samstag
24	2009	03	25	14	25	31	32	41	49	8	Mittwoch
25	2009	03	28	3	4	41	44	47	49	0	Samstag
26	2009	04	01	3	13	17	21	32	33	8	Mittwoch
27	2009	04	04	1	2	11	22	26	36	4	Samstag
28	2009	04	08	5	12	19	28	29	37	1	Mittwoch
29	2009	04	11	2	3	7	17	37	38	4	Samstag
30	2009	04	15	2	4	9	20	42	48	5	Mittwoch
31	2009	04	18	2	5	10	20	25	42	7	Samstag
32	2009	04	22	6	11	24	31	32	45	7	Mittwoch
33	2009	04	25	6	11	18	19	35	43	0	Samstag
34	2009	04	29	7	10	14	15	40	41	9	Mittwoch
35	2009	05	02	2	13	17	18	26	41	0	Samstag
36	2009	05	06	1	2	7	41	44	45	3	Mittwoch
37	2009	05	09	8	22	24	30	36	40	8	Samstag
38	2009	05	13	16	25	34	41	45	47	5	Mittwoch
39	2009	05	16	15	32	35	36	42	47	8	Samstag
40	2009	05	20	6	8	27	28	31	47	5	Mittwoch
41	2009	05	23	13	14	20	28	29	33	9	Samstag
42	2009	05	27	9	11	16	19	42	44	4	Mittwoch
43	2009	05	30	17	18	21	35	36	43	9	Samstag
44	2009	06	03	3	9	15	18	21	33	7	Mittwoch
45	2009	06	06	3	10	13	23	27	35	2	Samstag
46	2009	06	10	11	23	28	32	35	36	3	Mittwoch
47	2009	06	13	4	6	38	42	46	48	7	Samstag
48	2009	06	17	7	10	29	40	42	43	4	Mittwoch
49	2009	06	20	18	26	35	37	41	46	7	Samstag
50	2009	06	24	9	19	32	36	37	39	3	Mittwoch
51	2009	06	27	3	14	37	38	45	47	1	Samstag
52	2009	07	01	2	11	18	26	32	49	5	Mittwoch
53	2009	07	04	11	15	30	31	32	39	1	Samstag
54	2009	07	08	4	5	31	36	40	43	6	Mittwoch
55	2009	07	11	1	3	12	14	27	43	0	Samstag
56	2009	07	15	2	6	14	25	38	43	0	Mittwoch
57	2009	07	18	1	2	5	9	30	45	5	Samstag
58	2009	07	22	3	8	19	32	40	43	6	Mittwoch
59	2009	07	25	6	11	23	24	31	35	0	Samstag
60	2009	07	29	9	10	13	20	32	37	3	Mittwoch
61	2009	08	01	2	16	30	35	44	46	8	Samstag
62	2009	08	05	4	36	13	19	15	39	5	Mittwoch
63	2009	08	08	9	19	32	34	38	41	2	Samstag
64	2009	08	12	8	15	24	28	37	40	0	Mittwoch
65	2009	08	15	3	5	8	23	34	42	5	Samstag
66	2009	08	19	22	32	35	39	43	44	9	Mittwoch
67	2009	08	22	8	12	14	17	22	25	9	Samstag
68	2009	08	26	15	22	23	26	33	43	6	Mittwoch
69	2009	08	29	13	23	24	35	36	44	6	Samstag
70	2009	09	02	7	8	29	30	34	39	4	Mittwoch
71	2009	09	05	4	12	24	25	26	45	8	Samstag
72	2009	09	09	12	16	22	29	34	43	1	Mittwoch
73	2009	09	12	5	19	23	34	40	41	8	Samstag
74	2009	09	16	5	22	27	31	32	49	3	Mittwoch
75	2009	09	19	11	14	17	22	33	39	0	Samstag
76	2009	09	23	3	4	23	30	43	44	6	Mittwoch
77	2009	09	26	8	9	25	33	39	45	4	Samstag
78	2009	09	30	20	22	30	31	37	41	6	Mittwoch
79	2009	10	03	11	16	19	27	34	36	4	Samstag
80	2009	10	07	10	28	34	38	45	48	0	Mittwoch
81	2009	10	10	15	16	20	24	27	40	8	Samstag
82	2009	10	14	10	22	23	41	43	47	8	Mittwoch
83	2009	10	17	24	31	39	43	44	45	4	Samstag
84	2009	10	21	10	16	25	40	42	44	4	Mittwoch
85	2009	10	24	5	18	22	24	39	48	1	Samstag
86	2009	10	28	16	39	42	43	45	48	5	Mittwoch
87	2009	10	31	7	13	21	22	25	33	7	Samstag
88	2009	11	04	2	4	6	8	14	28	5	Mittwoch
89	2009	11	07	1	9	27	28	34	37	8	Samstag
90	2009	11	11	10	11	19	32	42	46	5	Mittwoch
91	2009	11	14	1	3	10	11	25	44	8	Samstag
92	2009	11	18	6	8	16	23	25	44	2	Mittwoch
93	2009	11	21	4	8	14	24	44	47	1	Samstag
94	2009	11	25	10	12	18	24	43	44	3	Mittwoch
95	2009	11	28	24	30	33	34	36	45	6	Samstag
96	2009	12	02	12	17	24	30	31	32	9	Mittwoch
97	2009	12	05	6	7	8	16	29	42	8	Samstag
98	2009	12	09	1	5	13	22	26	29	1	Mittwoch
99	2009	12	12	4	18	22	26	38	49	5	Samstag
100	2009	12	16	2	8	11	18	19	38	4	Mittwoch
101	2009	12	19	7	14	15	18	29	47	3	Samstag
102	2009	12	23	2	5	28	36	44	48	8	Mittwoch
103	2009	12	26	7	11	16	24	39	49	8	Samstag
104	2009	12	30	10	16	22	25	37	40	5	Mittwoch
1	2010	01	02	3	6	30	31	32	43	2	Samstag
2	2010	01	06	2	14	17	20	24	48	1	Mittwoch
3	2010	01	09	2	22	24	33	37	46	9	Samstag
4	2010	01	13	2	13	34	38	40	43	8	Mittwoch
5	2010	01	16	6	7	12	17	18	34	4	Samstag
6	2010	01	20	9	11	15	28	46	47	9	Mittwoch
7	2010	01	23	14	16	21	28	31	39	5	Samstag
8	2010	01	27	5	7	10	39	43	46	5	Mittwoch
9	2010	01	30	11	13	17	34	46	49	7	Samstag
10	2010	02	03	4	8	10	16	37	43	6	Mittwoch
11	2010	02	06	10	15	22	34	41	49	2	Samstag
12	2010	02	10	6	9	12	29	44	49	7	Mittwoch
13	2010	02	13	5	11	15	20	36	48	2	Samstag
14	2010	02	17	17	22	31	35	38	44	5	Mittwoch
15	2010	02	20	2	10	20	24	25	47	3	Samstag
16	2010	02	24	3	6	12	22	25	41	2	Mittwoch
17	2010	02	27	4	6	26	30	33	45	7	Samstag
18	2010	03	03	3	9	17	37	45	47	1	Mittwoch
19	2010	03	06	13	18	27	35	38	39	2	Samstag
20	2010	03	10	16	18	27	45	46	49	7	Mittwoch
21	2010	03	13	10	15	23	24	27	35	9	Samstag
22	2010	03	17	19	20	23	25	30	34	0	Mittwoch
23	2010	03	20	6	20	21	22	24	30	0	Samstag
24	2010	03	24	9	15	19	25	40	47	7	Mittwoch
25	2010	03	27	4	10	14	36	45	49	8	Samstag
26	2010	03	31	14	25	41	46	47	49	3	Mittwoch
27	2010	04	03	12	13	24	32	40	48	8	Samstag
28	2010	04	07	14	18	24	26	32	35	2	Mittwoch
29	2010	04	10	2	3	8	34	37	47	9	Samstag
30	2010	04	14	5	13	18	35	37	42	1	Mittwoch
31	2010	04	17	10	11	16	17	35	38	1	Samstag
32	2010	04	21	5	13	23	33	40	41	7	Mittwoch
33	2010	04	24	7	12	26	29	45	46	1	Samstag
34	2010	04	28	3	19	26	30	39	40	1	Mittwoch
35	2010	05	01	10	16	19	20	37	49	4	Samstag
36	2010	05	05	11	12	17	19	36	44	7	Mittwoch
37	2010	05	08	16	31	36	39	40	49	8	Samstag
38	2010	05	12	1	20	24	26	27	40	4	Mittwoch
39	2010	05	15	5	10	11	35	36	41	5	Samstag
40	2010	05	19	19	25	30	34	37	42	1	Mittwoch
41	2010	05	22	12	13	19	39	43	49	9	Samstag
42	2010	05	26	6	11	16	39	41	49	9	Mittwoch
43	2010	05	29	17	20	26	33	46	47	1	Samstag
44	2010	06	02	9	18	20	23	32	34	0	Mittwoch
45	2010	06	05	5	21	28	32	43	46	8	Samstag
46	2010	06	09	14	25	29	33	37	42	3	Mittwoch
47	2010	06	12	4	9	17	20	25	35	4	Samstag
48	2010	06	16	7	27	28	29	34	40	0	Mittwoch
49	2010	06	19	13	14	21	22	41	42	6	Samstag
50	2010	06	23	1	18	23	25	44	48	5	Mittwoch
51	2010	06	26	25	33	39	41	48	49	3	Samstag
52	2010	06	30	2	7	13	14	33	36	6	Mittwoch
53	2010	07	03	1	13	27	45	46	47	8	Samstag
54	2010	07	07	6	17	28	32	35	42	6	Mittwoch
55	2010	07	10	2	3	7	17	19	42	6	Samstag
56	2010	07	14	10	11	20	23	28	42	6	Mittwoch
57	2010	07	17	7	11	20	29	36	49	7	Samstag
58	2010	07	21	17	20	22	28	31	43	1	Mittwoch
59	2010	07	24	4	15	21	24	37	43	1	Samstag
60	2010	07	28	16	20	33	34	40	46	1	Mittwoch
61	2010	07	31	22	24	25	34	46	49	7	Samstag
62	2010	08	04	13	28	30	31	33	46	4	Mittwoch
63	2010	08	07	6	20	29	32	33	44	2	Samstag
64	2010	08	11	3	6	7	13	17	33	2	Mittwoch
65	2010	08	14	4	8	14	30	32	43	5	Samstag
66	2010	08	18	2	9	14	16	37	47	8	Mittwoch
67	2010	08	21	5	15	18	22	26	30	4	Samstag
68	2010	08	25	9	28	36	43	44	49	7	Mittwoch
69	2010	08	28	4	6	22	31	35	40	7	Samstag
70	2010	09	01	4	11	16	19	29	36	9	Mittwoch
71	2010	09	04	3	6	19	25	35	48	3	Samstag
72	2010	09	08	5	11	12	13	32	40	9	Mittwoch
73	2010	09	11	26	28	39	41	43	48	8	Samstag
74	2010	09	15	1	29	31	32	41	43	4	Mittwoch
75	2010	09	18	4	24	29	30	35	37	3	Samstag
76	2010	09	22	2	4	5	9	12	17	7	Mittwoch
77	2010	09	25	1	2	4	12	25	46	1	Samstag
78	2010	09	29	4	9	16	23	32	41	7	Mittwoch
79	2010	10	02	5	15	17	27	28	29	2	Samstag
80	2010	10	06	2	3	11	19	30	43	3	Mittwoch
81	2010	10	09	11	12	15	19	21	22	9	Samstag
82	2010	10	13	3	16	21	32	33	40	5	Mittwoch
83	2010	10	16	8	13	19	33	45	47	7	Samstag
84	2010	10	20	1	7	15	19	22	33	0	Mittwoch
85	2010	10	23	8	9	23	29	34	43	8	Samstag
86	2010	10	27	12	13	18	25	28	44	3	Mittwoch
87	2010	10	30	11	12	15	30	39	49	2	Samstag
88	2010	11	03	1	5	9	39	45	47	0	Mittwoch
89	2010	11	06	4	14	17	18	33	34	3	Samstag
90	2010	11	10	8	11	12	21	22	49	0	Mittwoch
91	2010	11	13	8	13	17	19	24	43	8	Samstag
92	2010	11	17	1	16	18	24	28	47	8	Mittwoch
93	2010	11	20	4	17	29	32	33	34	5	Samstag
94	2010	11	24	5	8	26	33	35	46	1	Mittwoch
95	2010	11	27	1	4	8	10	35	45	7	Samstag
96	2010	12	01	15	20	25	32	39	41	2	Mittwoch
97	2010	12	04	13	18	24	37	41	48	2	Samstag
98	2010	12	08	2	7	14	16	18	26	5	Mittwoch
99	2010	12	11	5	7	16	27	31	43	0	Samstag
100	2010	12	15	3	9	14	28	43	45	0	Mittwoch
101	2010	12	18	4	16	21	39	40	42	3	Samstag
102	2010	12	22	6	18	26	35	36	45	4	Mittwoch
103	2010	12	25	2	9	10	11	29	46	7	Samstag
104	2010	12	29	14	15	20	37	42	48	2	Mittwoch
1	2011	01	01	2	14	18	26	35	36	1	Samstag
2	2011	01	05	24	29	36	42	46	49	7	Mittwoch
3	2011	01	08	23	26	27	32	33	41	5	Samstag
4	2011	01	12	2	8	12	22	23	28	2	Mittwoch
5	2011	01	15	12	13	21	26	33	38	3	Samstag
6	2011	01	19	5	6	8	29	34	35	1	Mittwoch
7	2011	01	22	3	7	14	19	23	35	5	Samstag
8	2011	01	26	6	22	23	28	34	37	4	Mittwoch
9	2011	01	29	8	11	21	30	35	45	7	Samstag
10	2011	02	02	6	15	17	22	34	46	4	Mittwoch
11	2011	02	05	9	11	24	34	35	41	8	Samstag
12	2011	02	09	13	14	23	39	41	46	3	Mittwoch
13	2011	02	12	1	2	5	24	31	32	4	Samstag
14	2011	02	16	3	8	11	25	30	46	0	Mittwoch
15	2011	02	19	12	14	16	33	42	47	5	Samstag
16	2011	02	23	6	16	22	27	39	40	1	Mittwoch
17	2011	02	26	18	19	32	38	47	49	6	Samstag
18	2011	03	02	4	9	36	38	42	48	0	Mittwoch
19	2011	03	05	7	13	15	28	33	39	5	Samstag
20	2011	03	09	6	13	14	27	41	48	9	Mittwoch
21	2011	03	12	9	15	19	31	38	43	9	Samstag
22	2011	03	16	5	18	20	35	41	48	4	Mittwoch
23	2011	03	19	10	11	16	21	41	46	6	Samstag
24	2011	03	23	5	11	16	34	40	42	4	Mittwoch
25	2011	03	26	17	19	20	25	28	37	7	Samstag
26	2011	03	30	13	18	23	31	32	37	7	Mittwoch
27	2011	04	02	1	16	25	29	33	47	5	Samstag
28	2011	04	06	9	14	19	27	31	39	0	Mittwoch
29	2011	04	09	12	26	32	39	44	47	8	Samstag
30	2011	04	13	6	9	16	23	26	47	5	Mittwoch
31	2011	04	16	3	4	17	19	35	49	3	Samstag
32	2011	04	20	13	20	36	39	40	44	9	Mittwoch
33	2011	04	23	6	16	18	22	29	41	2	Samstag
34	2011	04	27	16	21	32	33	42	46	7	Mittwoch
35	2011	04	30	10	12	19	29	33	34	0	Samstag
36	2011	05	04	6	14	22	30	36	40	1	Mittwoch
37	2011	05	07	5	12	23	29	34	41	2	Samstag
38	2011	05	11	8	26	28	29	31	35	5	Mittwoch
39	2011	05	14	1	9	10	11	20	31	3	Samstag
40	2011	05	18	3	13	27	30	33	41	1	Mittwoch
41	2011	05	21	13	24	28	36	45	49	0	Samstag
42	2011	05	25	1	8	26	27	35	38	6	Mittwoch
43	2011	05	28	4	17	19	29	34	46	6	Samstag
44	2011	06	01	10	11	13	20	22	41	9	Mittwoch
45	2011	06	04	17	22	34	37	38	46	5	Samstag
46	2011	06	08	4	15	24	31	38	49	5	Mittwoch
47	2011	06	11	8	16	18	28	34	46	9	Samstag
48	2011	06	15	6	21	22	23	32	44	3	Mittwoch
49	2011	06	18	6	14	21	24	25	41	6	Samstag
50	2011	06	22	1	4	24	29	34	37	4	Mittwoch
51	2011	06	25	3	4	20	28	37	42	1	Samstag
52	2011	06	29	8	10	22	30	36	45	7	Mittwoch
53	2011	07	02	7	10	16	19	22	40	8	Samstag
54	2011	07	06	6	11	14	27	32	38	2	Mittwoch
55	2011	07	09	9	11	18	23	36	45	2	Samstag
56	2011	07	13	1	25	26	30	39	47	1	Mittwoch
57	2011	07	16	3	14	15	22	27	38	6	Samstag
58	2011	07	20	7	11	19	23	42	49	3	Mittwoch
59	2011	07	23	8	12	18	20	24	33	0	Samstag
60	2011	07	27	11	12	16	26	32	35	8	Mittwoch
61	2011	07	30	8	11	21	40	42	44	5	Samstag
62	2011	08	03	4	8	33	40	41	43	6	Mittwoch
63	2011	08	06	9	11	33	36	41	49	5	Samstag
64	2011	08	10	8	12	16	22	23	26	5	Mittwoch
65	2011	08	13	13	14	21	29	31	34	2	Samstag
66	2011	08	17	1	11	16	18	20	25	6	Mittwoch
67	2011	08	20	2	7	22	31	32	41	6	Samstag
68	2011	08	24	19	28	31	33	36	41	6	Mittwoch
69	2011	08	27	27	29	40	43	44	49	0	Samstag
70	2011	08	31	15	17	26	29	32	47	7	Mittwoch
71	2011	09	03	2	8	17	31	36	42	2	Samstag
72	2011	09	07	4	10	23	27	28	39	1	Mittwoch
73	2011	09	10	6	9	10	16	28	43	0	Samstag
74	2011	09	14	4	5	23	32	39	44	7	Mittwoch
75	2011	09	17	12	23	38	42	46	49	1	Samstag
76	2011	09	21	10	24	27	31	41	46	5	Mittwoch
77	2011	09	24	3	5	6	18	24	42	3	Samstag
78	2011	09	28	10	14	18	27	38	43	5	Mittwoch
79	2011	10	01	9	13	17	21	29	47	1	Samstag
80	2011	10	05	1	2	15	33	43	45	8	Mittwoch
81	2011	10	08	24	25	29	31	34	47	0	Samstag
82	2011	10	12	8	10	28	40	43	46	7	Mittwoch
83	2011	10	15	2	5	16	18	37	39	5	Samstag
84	2011	10	19	8	10	15	25	31	34	4	Mittwoch
85	2011	10	22	6	7	8	26	34	35	5	Samstag
86	2011	10	26	15	30	33	34	37	38	5	Mittwoch
87	2011	10	29	6	17	23	24	35	44	7	Samstag
88	2011	11	02	3	6	23	40	41	43	4	Mittwoch
89	2011	11	05	7	13	21	37	41	43	0	Samstag
90	2011	11	09	6	14	20	27	28	48	7	Mittwoch
91	2011	11	12	7	12	15	16	30	42	9	Samstag
92	2011	11	16	8	14	26	33	47	49	4	Mittwoch
93	2011	11	19	9	24	26	33	40	47	5	Samstag
94	2011	11	23	1	10	23	30	38	39	4	Mittwoch
95	2011	11	26	3	13	23	33	38	49	5	Samstag
96	2011	11	30	4	12	18	31	42	44	1	Mittwoch
97	2011	12	03	1	10	25	29	44	47	7	Samstag
98	2011	12	07	11	16	20	27	32	38	7	Mittwoch
99	2011	12	10	2	4	5	10	25	34	7	Samstag
100	2011	12	14	8	14	29	32	36	37	9	Mittwoch
101	2011	12	17	3	19	33	38	44	47	6	Samstag
102	2011	12	21	15	17	21	24	39	43	1	Mittwoch
103	2011	12	24	6	12	26	27	32	36	9	Samstag
104	2011	12	28	6	13	18	19	20	21	5	Mittwoch
105	2011	12	31	2	5	11	17	19	28	1	Samstag
1	2012	01	04	3	18	24	29	36	46	1	Mittwoch
2	2012	01	07	22	24	29	33	37	47	2	Samstag
3	2012	01	11	8	11	15	34	36	47	5	Mittwoch
4	2012	01	14	1	6	7	11	20	32	8	Samstag
5	2012	01	18	6	7	13	18	32	33	0	Mittwoch
6	2012	01	21	26	27	43	45	46	49	4	Samstag
7	2012	01	25	1	4	6	24	33	47	7	Mittwoch
8	2012	01	28	1	16	19	27	37	48	4	Samstag
9	2012	02	01	3	6	7	18	37	39	1	Mittwoch
10	2012	02	04	10	15	24	27	40	45	5	Samstag
11	2012	02	08	8	13	24	34	45	47	5	Mittwoch
12	2012	02	11	2	11	32	34	48	49	1	Samstag
13	2012	02	15	15	29	35	36	40	41	2	Mittwoch
14	2012	02	18	3	13	25	27	40	47	5	Samstag
15	2012	02	22	4	12	14	19	24	48	7	Mittwoch
16	2012	02	25	7	11	14	16	43	48	1	Samstag
17	2012	02	29	6	11	25	32	35	43	5	Mittwoch
18	2012	03	03	4	22	24	33	40	48	9	Samstag
19	2012	03	07	25	29	33	38	47	49	5	Mittwoch
20	2012	03	10	1	10	15	21	26	35	1	Samstag
21	2012	03	14	3	8	9	13	22	49	9	Mittwoch
22	2012	03	17	3	7	23	33	42	43	2	Samstag
23	2012	03	21	4	14	26	34	38	49	6	Mittwoch
24	2012	03	24	22	35	37	39	43	49	7	Samstag
25	2012	03	28	2	17	22	23	39	42	6	Mittwoch
26	2012	03	31	1	25	26	27	40	43	5	Samstag
27	2012	04	04	19	23	29	37	42	46	8	Mittwoch
28	2012	04	07	2	10	12	15	35	44	7	Samstag
29	2012	04	11	2	4	6	7	16	44	9	Mittwoch
30	2012	04	14	26	29	37	39	42	48	8	Samstag
31	2012	04	18	6	8	21	33	34	35	5	Mittwoch
32	2012	04	21	6	7	19	20	24	41	5	Samstag
33	2012	04	25	3	23	26	40	42	46	7	Mittwoch
34	2012	04	28	11	17	20	33	37	47	0	Samstag
35	2012	05	02	4	14	15	17	20	35	4	Mittwoch
36	2012	05	05	5	8	14	28	31	48	5	Samstag
37	2012	05	09	15	16	17	20	40	45	8	Mittwoch
38	2012	05	12	13	18	30	31	34	36	9	Samstag
39	2012	05	16	16	24	41	44	45	46	5	Mittwoch
40	2012	05	19	20	34	36	42	43	47	5	Samstag
41	2012	05	23	1	23	26	31	36	42	7	Mittwoch
42	2012	05	26	5	11	15	34	44	48	4	Samstag
43	2012	05	30	2	10	21	23	44	45	9	Mittwoch
44	2012	06	02	9	13	26	30	37	41	4	Samstag
45	2012	06	06	1	9	17	27	38	42	8	Mittwoch
46	2012	06	09	10	15	17	22	28	31	9	Samstag
47	2012	06	13	1	29	32	33	40	46	6	Mittwoch
48	2012	06	16	1	17	28	33	46	48	8	Samstag
49	2012	06	20	3	6	17	22	24	28	0	Mittwoch
50	2012	06	23	11	13	19	27	33	39	4	Samstag
51	2012	06	27	2	5	15	31	37	43	1	Mittwoch
52	2012	06	30	7	8	20	22	30	41	4	Samstag
53	2012	07	04	3	6	12	25	33	49	6	Mittwoch
54	2012	07	07	6	10	29	30	43	49	2	Samstag
55	2012	07	11	11	16	21	29	32	43	1	Mittwoch
56	2012	07	14	6	9	10	22	29	33	0	Samstag
57	2012	07	18	20	21	23	29	34	47	9	Mittwoch
58	2012	07	21	4	24	26	31	38	40	0	Samstag
59	2012	07	25	2	8	13	25	44	45	7	Mittwoch
60	2012	07	28	16	27	31	37	41	49	7	Samstag
61	2012	08	01	19	26	32	41	43	44	0	Mittwoch
62	2012	08	04	15	18	22	23	38	40	8	Samstag
63	2012	08	08	12	13	22	41	43	49	4	Mittwoch
64	2012	08	11	1	2	3	20	47	49	3	Samstag
65	2012	08	15	1	12	14	15	34	37	4	Mittwoch
66	2012	08	18	5	16	28	32	34	40	4	Samstag
67	2012	08	22	1	7	11	15	31	49	6	Mittwoch
68	2012	08	25	16	17	22	25	27	35	4	Samstag
69	2012	08	29	22	29	35	38	40	45	3	Mittwoch
70	2012	09	01	3	6	7	16	26	48	5	Samstag
71	2012	09	05	4	7	18	24	37	44	4	Mittwoch
72	2012	09	08	19	38	39	41	48	49	3	Samstag
73	2012	09	12	8	19	26	36	39	49	7	Mittwoch
74	2012	09	15	6	8	9	34	41	48	0	Samstag
75	2012	09	19	1	11	16	20	31	44	4	Mittwoch
76	2012	09	22	7	24	40	41	48	49	0	Samstag
77	2012	09	26	10	12	14	29	40	47	7	Mittwoch
78	2012	09	29	1	4	20	34	39	41	0	Samstag
79	2012	10	03	13	28	35	46	48	49	4	Mittwoch
80	2012	10	06	8	20	22	34	44	46	5	Samstag
81	2012	10	10	13	15	28	38	43	48	3	Mittwoch
82	2012	10	13	9	10	36	37	42	43	8	Samstag
83	2012	10	17	5	10	12	14	46	47	6	Mittwoch
84	2012	10	20	6	8	11	15	26	33	9	Samstag
85	2012	10	24	6	14	18	33	39	44	5	Mittwoch
86	2012	10	27	11	23	33	39	44	46	9	Samstag
87	2012	10	31	3	8	13	30	34	49	5	Mittwoch
88	2012	11	03	7	8	26	42	43	46	3	Samstag
89	2012	11	07	2	6	21	31	46	47	1	Mittwoch
90	2012	11	10	2	3	25	28	38	49	1	Samstag
91	2012	11	14	2	9	11	17	34	45	0	Mittwoch
92	2012	11	17	5	7	15	24	32	36	4	Samstag
93	2012	11	21	1	9	10	24	27	29	2	Mittwoch
94	2012	11	24	2	12	23	28	32	48	3	Samstag
95	2012	11	28	11	21	26	40	42	45	4	Mittwoch
96	2012	12	01	2	3	4	6	23	45	3	Samstag
97	2012	12	05	20	23	24	27	36	38	7	Mittwoch
98	2012	12	08	15	19	27	34	42	48	6	Samstag
99	2012	12	12	1	8	10	11	15	33	5	Mittwoch
100	2012	12	15	4	25	27	30	31	40	6	Samstag
101	2012	12	19	25	27	32	36	40	43	5	Mittwoch
102	2012	12	22	11	23	32	38	44	49	4	Samstag
103	2012	12	26	3	10	13	34	36	43	2	Mittwoch
104	2012	12	29	11	25	31	35	38	43	4	Samstag
1	2013	01	02	3	18	21	36	41	44	0	Mittwoch
2	2013	01	05	22	26	39	45	47	49	0	Samstag
3	2013	01	09	6	7	22	26	36	43	9	Mittwoch
4	2013	01	12	7	10	11	15	43	48	8	Samstag
5	2013	01	16	3	8	11	14	18	26	3	Mittwoch
6	2013	01	19	23	27	28	39	45	47	6	Samstag
7	2013	01	23	3	4	8	12	22	28	3	Mittwoch
8	2013	01	26	12	28	31	33	36	37	4	Samstag
9	2013	01	30	2	4	5	26	27	36	2	Mittwoch
10	2013	02	02	2	4	17	28	34	44	2	Samstag
11	2013	02	06	7	14	16	24	31	32	4	Mittwoch
12	2013	02	09	5	20	22	26	29	47	5	Samstag
13	2013	02	13	4	6	11	14	15	38	5	Mittwoch
14	2013	02	16	6	22	23	24	33	39	1	Samstag
15	2013	02	20	5	6	20	27	36	45	7	Mittwoch
16	2013	02	23	17	26	35	44	46	49	2	Samstag
17	2013	02	27	5	6	16	25	28	33	9	Mittwoch
18	2013	03	02	2	4	14	17	45	48	8	Samstag
19	2013	03	06	2	6	10	14	15	29	9	Mittwoch
20	2013	03	09	2	12	14	20	39	47	7	Samstag
21	2013	03	13	3	26	29	32	38	46	7	Mittwoch
22	2013	03	16	4	10	17	34	39	42	7	Samstag
23	2013	03	20	5	10	17	24	35	37	7	Mittwoch
24	2013	03	23	9	16	30	37	41	49	2	Samstag
25	2013	03	27	1	2	3	13	21	38	9	Mittwoch
26	2013	03	30	7	30	31	35	39	46	3	Samstag
27	2013	04	03	16	21	23	29	31	38	4	Mittwoch
28	2013	04	06	5	7	17	30	32	34	0	Samstag
29	2013	04	10	26	27	31	32	43	45	5	Mittwoch
30	2013	04	13	10	15	26	28	35	45	2	Samstag
31	2013	04	17	9	24	35	37	38	45	7	Mittwoch
32	2013	04	20	6	28	31	36	38	48	9	Samstag
33	2013	04	24	7	14	19	39	48	49	0	Mittwoch
34	2013	04	27	3	10	11	28	32	43	3	Samstag
35	2013	05	01	9	12	15	16	22	28	9	Mittwoch
36	2013	05	04	5	7	11	21	22	48	8	Samstag
37	2013	05	08	4	6	11	22	30	42	7	Mittwoch
38	2013	05	11	3	7	31	32	40	41	2	Samstag
39	2013	05	15	2	4	16	29	38	45	2	Mittwoch
40	2013	05	18	1	2	16	20	22	32	6	Samstag
41	2013	05	22	6	8	23	24	35	36	8	Mittwoch
42	2013	05	25	3	17	23	25	29	44	0	Samstag
43	2013	05	29	2	5	7	14	40	41	5	Mittwoch
44	2013	06	01	2	13	28	30	32	36	1	Samstag
45	2013	06	05	19	21	30	39	47	49	1	Mittwoch
46	2013	06	08	3	12	26	30	38	47	3	Samstag
47	2013	06	12	5	6	7	10	15	23	6	Mittwoch
48	2013	06	15	6	14	16	25	43	49	1	Samstag
49	2013	06	19	3	18	19	29	42	49	5	Mittwoch
50	2013	06	22	5	10	19	31	35	43	8	Samstag
51	2013	06	26	2	22	31	32	39	43	2	Mittwoch
52	2013	06	29	7	22	28	36	43	44	9	Samstag
53	2013	07	03	7	9	13	14	17	36	2	Mittwoch
54	2013	07	06	3	8	11	17	20	49	9	Samstag
55	2013	07	10	11	16	19	29	41	43	9	Mittwoch
56	2013	07	13	3	18	28	29	38	48	1	Samstag
57	2013	07	17	11	17	20	26	28	38	3	Mittwoch
58	2013	07	20	3	11	18	29	33	46	4	Samstag
59	2013	07	24	2	8	15	28	31	36	6	Mittwoch
60	2013	07	27	11	20	30	31	34	40	0	Samstag
61	2013	07	31	3	6	26	38	39	47	7	Mittwoch
62	2013	08	03	6	19	25	31	40	47	2	Samstag
63	2013	08	07	11	14	16	24	36	42	4	Mittwoch
64	2013	08	10	3	9	17	31	36	39	7	Samstag
65	2013	08	14	3	8	9	34	35	39	3	Mittwoch
66	2013	08	17	13	17	19	25	28	42	8	Samstag
67	2013	08	21	5	15	21	27	29	48	1	Mittwoch
68	2013	08	24	2	6	25	27	29	30	3	Samstag
69	2013	08	28	2	3	22	29	35	37	9	Mittwoch
70	2013	08	31	1	22	26	37	39	44	4	Samstag
71	2013	09	04	1	17	19	31	34	38	9	Mittwoch
72	2013	09	07	12	22	24	37	41	43	9	Samstag
73	2013	09	11	12	16	28	40	42	48	3	Mittwoch
74	2013	09	14	10	21	22	23	30	40	2	Samstag
75	2013	09	18	4	11	20	21	30	46	3	Mittwoch
76	2013	09	21	8	13	22	32	40	43	8	Samstag
77	2013	09	25	7	14	26	30	33	43	3	Mittwoch
78	2013	09	28	3	23	31	32	37	41	2	Samstag
79	2013	10	02	17	27	42	43	46	47	3	Mittwoch
80	2013	10	05	3	9	12	35	44	48	5	Samstag
81	2013	10	09	9	11	22	29	46	48	3	Mittwoch
82	2013	10	12	14	25	29	38	44	46	9	Samstag
83	2013	10	16	9	32	38	40	44	49	8	Mittwoch
84	2013	10	19	4	10	14	24	38	40	5	Samstag
85	2013	10	23	7	16	21	23	26	33	7	Mittwoch
86	2013	10	26	9	18	20	22	24	25	2	Samstag
87	2013	10	30	10	12	13	30	36	45	1	Mittwoch
88	2013	11	02	9	12	15	19	24	38	5	Samstag
89	2013	11	06	12	13	22	30	35	36	2	Mittwoch
90	2013	11	09	6	12	13	28	32	33	7	Samstag
91	2013	11	13	5	12	15	16	35	46	1	Mittwoch
92	2013	11	16	9	19	24	39	42	43	4	Samstag
93	2013	11	20	9	16	19	24	36	42	5	Mittwoch
94	2013	11	23	7	12	19	30	33	35	5	Samstag
95	2013	11	27	11	28	31	36	38	42	7	Mittwoch
96	2013	11	30	1	24	30	33	39	47	7	Samstag
97	2013	12	04	13	20	22	41	42	49	6	Mittwoch
98	2013	12	07	4	9	15	19	26	48	0	Samstag
99	2013	12	11	7	18	22	38	39	49	6	Mittwoch
100	2013	12	14	5	6	17	19	27	38	3	Samstag
101	2013	12	18	2	12	18	34	35	44	9	Mittwoch
102	2013	12	21	4	5	17	25	27	35	5	Samstag
103	2013	12	25	4	26	27	40	44	46	8	Mittwoch
104	2013	12	28	6	9	10	22	32	43	3	Samstag
1	2014	01	01	6	8	23	24	25	46	6	Mittwoch
2	2014	01	04	16	19	25	36	39	48	1	Samstag
3	2014	01	08	20	28	31	36	44	45	9	Mittwoch
4	2014	01	11	5	8	14	23	29	38	1	Samstag
5	2014	01	15	6	22	39	41	43	49	4	Mittwoch
6	2014	01	18	11	15	16	26	32	36	2	Samstag
7	2014	01	22	2	18	23	26	42	46	8	Mittwoch
8	2014	01	25	24	32	36	37	45	48	8	Samstag
9	2014	01	29	3	12	15	26	34	36	5	Mittwoch
10	2014	02	01	17	18	42	46	47	49	2	Samstag
11	2014	02	05	7	9	16	17	26	32	1	Mittwoch
12	2014	02	08	4	18	29	33	42	44	4	Samstag
13	2014	02	12	10	15	16	18	35	37	5	Mittwoch
14	2014	02	15	7	8	17	31	44	48	1	Samstag
15	2014	02	19	4	18	21	29	36	43	3	Mittwoch
16	2014	02	22	25	26	30	32	39	46	5	Samstag
17	2014	02	26	8	9	11	19	31	48	7	Mittwoch
18	2014	03	01	5	13	24	28	38	47	1	Samstag
19	2014	03	05	5	13	16	33	34	44	3	Mittwoch
20	2014	03	08	10	16	24	32	43	45	9	Samstag
21	2014	03	12	4	7	12	27	31	38	4	Mittwoch
22	2014	03	15	3	12	23	33	36	41	9	Samstag
23	2014	03	19	1	7	10	23	25	40	3	Mittwoch
24	2014	03	22	7	10	29	30	34	46	6	Samstag
25	2014	03	26	3	22	30	36	38	43	4	Mittwoch
26	2014	03	29	5	7	8	11	20	24	1	Samstag
27	2014	04	02	4	6	20	28	42	48	0	Mittwoch
28	2014	04	05	14	17	21	37	42	47	4	Samstag
29	2014	04	09	6	12	32	39	43	46	9	Mittwoch
30	2014	04	12	13	16	28	38	48	49	1	Samstag
31	2014	04	16	18	24	28	30	35	49	8	Mittwoch
32	2014	04	19	3	4	25	46	47	48	4	Samstag
33	2014	04	23	12	13	22	23	40	44	3	Mittwoch
34	2014	04	26	3	7	23	34	35	48	1	Samstag
35	2014	04	30	6	10	30	35	38	48	6	Mittwoch
36	2014	05	03	2	14	34	35	40	41	3	Samstag
37	2014	05	07	1	19	23	25	28	30	9	Mittwoch
38	2014	05	10	9	11	20	21	26	42	1	Samstag
39	2014	05	14	2	7	22	30	32	39	8	Mittwoch
40	2014	05	17	9	21	24	37	39	42	9	Samstag
41	2014	05	21	2	5	6	16	21	31	4	Mittwoch
42	2014	05	24	2	7	13	16	27	34	9	Samstag
43	2014	05	28	10	13	16	29	40	44	0	Mittwoch
44	2014	05	31	5	13	17	19	31	41	5	Samstag
45	2014	06	04	20	21	24	27	28	43	0	Mittwoch
46	2014	06	07	12	23	27	35	42	47	2	Samstag
47	2014	06	11	3	6	11	21	43	44	1	Mittwoch
48	2014	06	14	6	11	12	17	42	47	5	Samstag
49	2014	06	18	6	20	28	33	38	43	5	Mittwoch
50	2014	06	21	12	21	30	32	41	44	5	Samstag
51	2014	06	25	1	6	7	13	28	34	4	Mittwoch
52	2014	06	28	2	18	26	32	36	39	3	Samstag
53	2014	07	02	6	10	15	18	41	44	8	Mittwoch
54	2014	07	05	6	10	22	24	38	41	0	Samstag
55	2014	07	09	3	4	18	25	26	45	3	Mittwoch
56	2014	07	12	5	17	26	29	37	39	2	Samstag
57	2014	07	16	3	17	26	29	31	41	5	Mittwoch
58	2014	07	19	5	6	19	34	41	49	0	Samstag
59	2014	07	23	9	15	20	25	33	38	5	Mittwoch
60	2014	07	26	14	26	28	30	33	38	7	Samstag
61	2014	07	30	9	10	11	12	13	37	3	Mittwoch
62	2014	08	02	6	8	11	20	40	41	7	Samstag
63	2014	08	06	5	6	7	21	31	45	1	Mittwoch
64	2014	08	09	3	11	15	22	37	40	5	Samstag
65	2014	08	13	3	24	30	36	41	46	6	Mittwoch
66	2014	08	16	2	5	10	15	29	49	8	Samstag
67	2014	08	20	1	3	22	28	31	35	4	Mittwoch
68	2014	08	23	7	9	10	18	23	36	7	Samstag
69	2014	08	27	14	15	16	25	29	47	5	Mittwoch
70	2014	08	30	14	18	21	25	39	43	3	Samstag
71	2014	09	03	18	19	23	39	40	47	2	Mittwoch
72	2014	09	06	6	11	17	18	32	33	6	Samstag
73	2014	09	10	8	23	24	32	38	45	3	Mittwoch
74	2014	09	13	7	11	25	27	33	39	3	Samstag
75	2014	09	17	16	32	38	43	44	49	9	Mittwoch
76	2014	09	20	1	6	14	40	42	47	6	Samstag
77	2014	09	24	4	31	34	35	36	46	3	Mittwoch
78	2014	09	27	9	13	16	19	39	48	5	Samstag
79	2014	10	01	1	3	21	23	39	42	4	Mittwoch
80	2014	10	04	4	7	24	31	33	45	6	Samstag
81	2014	10	08	6	19	21	32	34	37	8	Mittwoch
82	2014	10	11	1	23	32	34	36	44	0	Samstag
83	2014	10	15	12	14	16	26	27	31	9	Mittwoch
84	2014	10	18	11	15	27	29	30	48	0	Samstag
85	2014	10	22	1	12	25	35	42	49	1	Mittwoch
86	2014	10	25	22	23	28	30	31	35	8	Samstag
87	2014	10	29	4	9	21	26	39	43	4	Mittwoch
88	2014	11	01	4	14	24	30	41	48	7	Samstag
89	2014	11	05	6	8	17	31	33	49	9	Mittwoch
90	2014	11	08	1	8	9	13	41	45	8	Samstag
91	2014	11	12	14	24	28	32	37	47	2	Mittwoch
92	2014	11	15	10	13	14	19	25	31	6	Samstag
93	2014	11	19	4	5	18	26	34	48	0	Mittwoch
94	2014	11	22	1	5	6	11	25	37	9	Samstag
95	2014	11	26	8	11	24	32	33	44	6	Mittwoch
96	2014	11	29	7	17	24	30	38	46	7	Samstag
97	2014	12	03	4	10	14	23	32	35	3	Mittwoch
98	2014	12	06	1	16	21	29	44	47	2	Samstag
99	2014	12	10	9	11	22	29	30	41	6	Mittwoch
100	2014	12	13	5	8	12	18	26	43	6	Samstag
101	2014	12	17	16	17	22	28	44	46	6	Mittwoch
102	2014	12	20	3	4	6	10	24	32	9	Samstag
103	2014	12	24	14	25	33	38	43	45	5	Mittwoch
104	2014	12	27	10	36	43	44	45	48	7	Samstag
105	2014	12	31	15	20	22	27	39	49	7	Mittwoch
1	2015	01	03	17	19	28	36	37	38	6	Samstag
2	2015	01	07	10	17	41	42	43	46	3	Mittwoch
3	2015	01	10	5	11	19	20	32	43	6	Samstag
4	2015	01	14	1	19	33	38	39	46	5	Mittwoch
5	2015	01	17	8	11	22	29	46	47	1	Samstag
6	2015	01	21	11	12	15	29	41	48	9	Mittwoch
7	2015	01	24	1	7	18	27	37	47	8	Samstag
8	2015	01	28	6	8	22	38	43	47	6	Mittwoch
9	2015	01	31	7	27	42	45	46	47	5	Samstag
10	2015	02	04	21	22	29	37	40	49	2	Mittwoch
11	2015	02	07	12	13	14	23	25	47	9	Samstag
12	2015	02	11	6	25	26	27	28	47	5	Mittwoch
13	2015	02	14	21	23	29	36	41	42	3	Samstag
14	2015	02	18	24	27	31	42	44	46	6	Mittwoch
15	2015	02	21	3	18	31	35	41	42	1	Samstag
16	2015	02	25	20	25	27	30	38	43	0	Mittwoch
17	2015	02	28	2	20	25	41	45	49	0	Samstag
18	2015	03	04	3	16	22	36	46	48	7	Mittwoch
19	2015	03	07	1	6	7	16	19	41	5	Samstag
20	2015	03	11	4	8	10	28	32	42	6	Mittwoch
21	2015	03	14	15	21	23	39	43	48	1	Samstag
22	2015	03	18	6	12	23	25	40	46	9	Mittwoch
23	2015	03	21	3	4	5	19	30	41	1	Samstag
24	2015	03	25	13	16	19	27	39	48	1	Mittwoch
25	2015	03	28	6	7	26	27	30	46	4	Samstag
26	2015	04	01	7	16	22	29	32	38	8	Mittwoch
27	2015	04	04	12	20	23	28	34	43	8	Samstag
28	2015	04	08	14	20	37	41	44	47	9	Mittwoch
29	2015	04	11	2	11	15	36	46	47	6	Samstag
30	2015	04	15	14	29	33	37	39	46	7	Mittwoch
31	2015	04	18	3	5	14	17	39	44	7	Samstag
32	2015	04	22	4	11	21	22	34	35	7	Mittwoch
33	2015	04	25	1	3	7	11	23	36	6	Samstag
34	2015	04	29	7	9	20	38	41	43	6	Mittwoch
35	2015	05	02	3	6	7	9	18	45	9	Samstag
36	2015	05	06	2	6	26	38	40	43	7	Mittwoch
37	2015	05	09	7	13	14	29	35	41	3	Samstag
38	2015	05	13	3	7	20	27	39	49	1	Mittwoch
39	2015	05	16	14	15	16	34	40	47	5	Samstag
40	2015	05	20	2	11	26	30	33	38	7	Mittwoch
41	2015	05	23	4	6	14	27	28	46	0	Samstag
42	2015	05	27	4	8	11	12	14	29	2	Mittwoch
43	2015	05	30	2	3	11	24	31	44	0	Samstag
44	2015	06	03	8	20	23	24	37	48	6	Mittwoch
45	2015	06	06	15	16	22	29	41	48	0	Samstag
46	2015	06	10	2	12	22	34	40	45	0	Mittwoch
47	2015	06	13	1	4	5	18	26	43	0	Samstag
48	2015	06	17	8	12	15	37	41	48	2	Mittwoch
49	2015	06	20	6	16	21	32	35	38	4	Samstag
50	2015	06	24	16	20	31	33	42	45	3	Mittwoch
51	2015	06	27	3	19	28	29	33	41	7	Samstag
52	2015	07	01	10	11	35	37	41	42	2	Mittwoch
53	2015	07	04	14	17	18	32	42	47	1	Samstag
54	2015	07	08	5	12	13	33	38	39	4	Mittwoch
55	2015	07	11	11	19	20	30	35	42	9	Samstag
56	2015	07	15	9	18	34	43	45	48	2	Mittwoch
57	2015	07	18	5	17	18	30	31	42	6	Samstag
58	2015	07	22	18	19	20	22	33	43	7	Mittwoch
59	2015	07	25	4	17	30	41	46	47	6	Samstag
60	2015	07	29	18	25	30	37	39	44	5	Mittwoch
61	2015	08	01	4	7	16	20	31	36	4	Samstag
62	2015	08	05	7	10	15	35	38	39	1	Mittwoch
63	2015	08	08	7	13	29	36	42	48	0	Samstag
64	2015	08	12	6	10	15	24	28	45	9	Mittwoch
65	2015	08	15	3	9	14	26	30	42	3	Samstag
66	2015	08	19	16	22	24	28	38	48	2	Mittwoch
67	2015	08	22	2	3	26	44	45	46	7	Samstag
68	2015	08	26	3	16	26	30	36	42	2	Mittwoch
69	2015	08	29	8	12	16	23	28	44	8	Samstag
70	2015	09	02	2	3	16	18	20	35	1	Mittwoch
71	2015	09	05	1	12	13	22	43	47	1	Samstag
72	2015	09	09	2	19	26	28	44	46	2	Mittwoch
73	2015	09	12	2	6	15	22	26	28	5	Samstag
74	2015	09	16	1	4	5	24	30	42	2	Mittwoch
75	2015	09	19	8	12	17	29	37	44	3	Samstag
76	2015	09	23	10	14	18	24	33	44	9	Mittwoch
77	2015	09	26	6	15	16	31	33	34	7	Samstag
78	2015	09	30	1	2	16	22	39	49	8	Mittwoch
79	2015	10	03	18	31	32	33	40	41	8	Samstag
80	2015	10	07	7	11	12	25	28	33	4	Mittwoch
81	2015	10	10	5	26	37	38	40	49	1	Samstag
82	2015	10	14	15	17	22	28	29	41	5	Mittwoch
83	2015	10	17	9	10	19	23	28	41	0	Samstag
84	2015	10	21	4	17	18	24	39	49	2	Mittwoch
85	2015	10	24	4	6	18	22	29	36	2	Samstag
86	2015	10	28	1	18	29	33	47	49	0	Mittwoch
87	2015	10	31	7	9	17	26	29	40	9	Samstag
88	2015	11	04	5	12	24	33	40	45	6	Mittwoch
89	2015	11	07	4	11	17	25	39	48	4	Samstag
90	2015	11	11	14	15	20	25	28	41	3	Mittwoch
91	2015	11	14	1	8	24	29	31	48	3	Samstag
92	2015	11	18	9	19	21	33	48	49	9	Mittwoch
93	2015	11	21	12	17	23	29	42	46	8	Samstag
94	2015	11	25	14	19	36	41	43	46	9	Mittwoch
95	2015	11	28	3	6	10	24	37	47	1	Samstag
96	2015	12	02	3	10	12	26	31	44	8	Mittwoch
97	2015	12	05	6	12	29	35	42	47	7	Samstag
98	2015	12	09	3	30	32	37	44	48	4	Mittwoch
99	2015	12	12	1	3	6	24	31	43	6	Samstag
100	2015	12	16	9	13	21	24	27	36	3	Mittwoch
101	2015	12	19	1	7	10	22	33	46	1	Samstag
102	2015	12	23	13	18	21	32	34	47	8	Mittwoch
103	2015	12	26	9	15	19	22	40	41	5	Samstag
104	2015	12	30	8	14	17	26	27	45	4	Mittwoch
1	2016	01	02	1	23	30	35	43	47	8	Samstag
2	2016	01	06	3	12	27	36	42	45	0	Mittwoch
3	2016	01	09	10	13	31	34	46	48	6	Samstag
4	2016	01	13	14	18	19	25	35	46	0	Mittwoch
5	2016	01	16	9	21	23	31	34	39	8	Samstag
6	2016	01	20	7	12	14	15	19	46	3	Mittwoch
7	2016	01	23	2	16	25	26	27	40	0	Samstag
8	2016	01	27	12	14	16	19	29	47	3	Mittwoch
9	2016	01	30	18	23	33	34	40	48	9	Samstag
10	2016	02	03	10	18	19	31	33	47	8	Mittwoch
11	2016	02	06	10	16	25	28	34	49	5	Samstag
12	2016	02	10	2	17	19	32	34	38	4	Mittwoch
13	2016	02	13	18	20	30	32	43	45	8	Samstag
14	2016	02	17	24	26	32	35	38	39	3	Mittwoch
15	2016	02	20	1	13	16	29	30	31	6	Samstag
16	2016	02	24	5	13	23	31	47	48	5	Mittwoch
17	2016	02	27	7	10	15	25	37	49	7	Samstag
18	2016	03	02	1	8	10	16	17	40	9	Mittwoch
19	2016	03	05	7	10	33	37	43	46	3	Samstag
20	2016	03	09	10	13	32	37	46	48	7	Mittwoch
21	2016	03	12	20	26	30	39	47	49	4	Samstag
22	2016	03	16	9	11	26	29	35	46	6	Mittwoch
23	2016	03	19	4	10	15	37	44	49	5	Samstag
24	2016	03	23	9	10	16	22	31	44	0	Mittwoch
25	2016	03	26	1	3	31	33	40	41	5	Samstag
26	2016	03	30	1	5	9	13	26	41	1	Mittwoch
27	2016	04	02	1	10	17	23	28	38	6	Samstag
28	2016	04	06	6	19	25	30	33	42	4	Mittwoch
29	2016	04	09	1	4	38	39	46	47	2	Samstag
30	2016	04	13	2	13	17	35	36	49	7	Mittwoch
31	2016	04	16	5	14	15	20	22	38	9	Samstag
32	2016	04	20	1	5	11	13	20	49	8	Mittwoch
33	2016	04	23	8	15	16	17	27	35	4	Samstag
34	2016	04	27	1	6	9	21	26	37	6	Mittwoch
35	2016	04	30	14	26	28	30	36	43	6	Samstag
36	2016	05	04	2	11	14	35	39	49	5	Mittwoch
37	2016	05	07	16	32	34	37	42	44	9	Samstag
38	2016	05	11	10	19	20	31	39	41	5	Mittwoch
39	2016	05	14	5	13	15	26	30	44	9	Samstag
40	2016	05	18	10	13	19	26	31	41	4	Mittwoch
41	2016	05	21	2	5	29	46	47	48	4	Samstag
42	2016	05	25	6	9	10	21	30	36	6	Mittwoch
43	2016	05	28	5	9	17	24	39	45	3	Samstag
44	2016	06	01	19	25	30	35	40	46	2	Mittwoch
45	2016	06	04	5	6	22	31	35	42	3	Samstag
46	2016	06	08	2	5	30	33	44	48	6	Mittwoch
47	2016	06	11	6	13	21	27	38	45	5	Samstag
48	2016	06	15	7	12	13	33	48	49	7	Mittwoch
49	2016	06	18	2	8	12	17	19	27	1	Samstag
50	2016	06	22	8	19	35	40	41	43	8	Mittwoch
51	2016	06	25	2	6	10	11	34	44	3	Samstag
52	2016	06	29	4	5	28	32	44	49	4	Mittwoch
53	2016	07	02	4	6	8	15	26	30	9	Samstag
54	2016	07	06	4	16	18	37	38	42	0	Mittwoch
55	2016	07	09	1	34	37	40	44	49	7	Samstag
56	2016	07	13	10	14	20	27	33	41	7	Mittwoch
57	2016	07	16	1	18	22	30	34	44	5	Samstag
58	2016	07	20	1	18	20	28	40	49	5	Mittwoch
59	2016	07	23	5	25	29	43	47	48	5	Samstag
60	2016	07	27	5	6	7	17	18	39	1	Mittwoch
61	2016	07	30	6	13	23	26	30	33	2	Samstag
62	2016	08	03	15	21	26	34	42	43	6	Mittwoch
63	2016	08	06	6	25	26	33	45	47	0	Samstag
64	2016	08	10	11	12	17	23	43	49	9	Mittwoch
65	2016	08	13	6	14	28	30	37	39	2	Samstag
66	2016	08	17	2	10	30	34	41	49	1	Mittwoch
67	2016	08	20	23	28	30	31	37	45	5	Samstag
68	2016	08	24	6	14	16	35	42	48	2	Mittwoch
69	2016	08	27	1	8	22	32	33	43	9	Samstag
70	2016	08	31	3	7	31	37	40	41	3	Mittwoch
71	2016	09	03	8	14	18	25	30	36	1	Samstag
72	2016	09	07	7	11	18	19	21	27	0	Mittwoch
73	2016	09	10	1	3	6	11	24	43	0	Samstag
74	2016	09	14	2	3	15	20	31	35	8	Mittwoch
75	2016	09	17	3	34	35	37	46	47	2	Samstag
76	2016	09	21	1	8	11	18	24	29	5	Mittwoch
77	2016	09	24	4	15	18	21	32	45	4	Samstag
78	2016	09	28	11	15	38	41	44	46	2	Mittwoch
79	2016	10	01	7	20	25	26	34	37	1	Samstag
80	2016	10	05	1	5	6	17	28	41	1	Mittwoch
81	2016	10	08	14	21	32	33	35	48	5	Samstag
82	2016	10	12	22	29	35	37	39	47	2	Mittwoch
83	2016	10	15	7	13	19	29	38	41	9	Samstag
84	2016	10	19	16	32	33	40	42	43	5	Mittwoch
85	2016	10	22	2	21	26	32	36	48	7	Samstag
86	2016	10	26	11	15	18	43	44	45	6	Mittwoch
87	2016	10	29	5	7	8	26	28	36	8	Samstag
88	2016	11	02	1	12	19	26	30	48	6	Mittwoch
89	2016	11	05	9	32	35	38	42	43	8	Samstag
90	2016	11	09	6	13	20	33	39	41	5	Mittwoch
91	2016	11	12	2	6	9	19	20	47	1	Samstag
92	2016	11	16	13	19	20	38	39	44	8	Mittwoch
93	2016	11	19	1	2	6	15	38	39	3	Samstag
94	2016	11	23	4	27	28	31	38	44	7	Mittwoch
95	2016	11	26	26	32	41	42	45	47	9	Samstag
96	2016	11	30	1	10	12	19	21	47	6	Mittwoch
97	2016	12	03	5	16	39	43	47	48	9	Samstag
98	2016	12	07	13	18	36	40	42	48	8	Mittwoch
99	2016	12	10	11	17	32	34	37	49	3	Samstag
100	2016	12	14	33	34	38	42	43	44	4	Mittwoch
101	2016	12	17	6	24	28	29	34	35	2	Samstag
102	2016	12	21	3	21	23	38	39	42	7	Mittwoch
103	2016	12	24	4	11	18	22	30	45	1	Samstag
104	2016	12	28	1	3	4	22	29	30	3	Mittwoch
105	2016	12	31	27	29	37	42	45	47	3	Samstag
1	2017	01	04	5	13	21	37	39	48	2	Mittwoch
2	2017	01	07	12	14	17	22	45	46	7	Samstag
3	2017	01	11	20	27	29	32	34	38	1	Mittwoch
4	2017	01	14	3	4	23	27	28	37	3	Samstag
5	2017	01	18	10	11	13	28	39	40	1	Mittwoch
6	2017	01	21	5	9	11	14	26	39	9	Samstag
7	2017	01	25	1	2	14	17	25	49	5	Mittwoch
8	2017	01	28	6	9	15	38	41	42	7	Samstag
9	2017	02	01	3	13	19	21	25	42	9	Mittwoch
10	2017	02	04	2	16	28	37	39	49	8	Samstag
11	2017	02	08	14	22	28	30	41	46	6	Mittwoch
12	2017	02	11	3	12	22	32	45	46	6	Samstag
